0.03625212000000003 0.01890523999999997 0.0038706400000000107 0.011655899999999959 0.01672979999999997 -0.015527379999999988 0.001917880000000003 -0.011772979999999985 -0.011387839999999982 -0.01681629999999997 0.0064072799999999805 -0.025748400000000053 -0.009839999999999996 -0.009594099999999977 -0.022367440000000027 -0.01566389999999998 -0.021985460000000026 -0.01236075999999997 -0.0069271599999999964 0.010392980000000012 0.012526739999999979 0.021790060000000017 0.04025928000000006 0.006834759999999997 0.025417280000000066 -0.013829519999999982 0.047598060000000025 0.005316679999999983 0.01845925999999998 -0.01250033999999997 0.04317337999999995 0.044775920000000025 
0.004726359999999991 -0.009533279999999983 -0.01636262000000002 -0.030244820000000016 -0.000976779999999998 -0.00056636 -0.031210580000000043 -0.02002134000000001 -0.025866240000000047 0.006345939999999969 -0.028509000000000104 -0.014755039999999957 -0.0006811799999999988 -0.0388412 1.0405900000000052 -0.06758230000000007 -0.0019316600000000013 -0.00830427999999999 -0.029444960000000107 0.006627939999999983 0.015482979999999981 -0.00561921999999999 0.015975999999999997 -0.001172179999999998 0.022029500000000004 0.029928560000000045 0.018729299999999966 0.03605265999999999 0.04153713999999994 0.030010040000000043 0.04476802000000007 0.031176700000000043 
-3.99600
0.035253160000000096 0.01330659999999999 -0.0013689599999999991 0.007103279999999996 0.012899019999999988 -0.018737359999999967 -0.0007767999999999998 -0.013721940000000002 -0.012618779999999967 -0.01747119999999997 0.006070860000000006 -0.02611348000000002 -0.01056398000000001 -0.010707600000000027 -0.009304679999999973 -0.007135079999999996 -0.015769259999999972 -0.008326779999999987 -0.004308400000000005 0.012428699999999971 0.013029339999999971 0.019631399999999997 0.04019306 0.006630219999999972 0.02538912000000009 -0.013857440000000004 0.04750379999999998 0.005260839999999973 0.018388979999999947 -0.01256107999999996 0.043094220000000065 0.04464168000000003 
0.011996039999999989 -0.014031660000000015 -0.02158577999999998 -0.03460192000000012 -0.004745839999999992 -0.0036522600000000087 -0.033800000000000004 -0.021856999999999953 -0.027014880000000015 0.005781500000000019 -0.028663040000000084 -0.014663559999999966 -0.0008749199999999982 -0.03939121999999998 1.0406600000000024 -0.05216159999999991 0.00864514 -0.001066999999999997 -0.024264359999999915 0.010035559999999995 0.017795339999999934 -0.00288419999999999 0.014706259999999968 -0.0013283999999999985 0.022333460000000055 0.030226119999999992 0.01902449999999999 0.03635936000000004 0.04182126000000001 0.030308559999999967 0.04507082000000007 0.031442840000000104 
-1.98000
0.02734123999999993 0.0028221199999999952 -0.01007095999999999 -0.00041730000000000076 0.006583379999999981 -0.02409711999999991 -0.005243579999999993 -0.01725760000000005 -0.015357340000000021 -0.01977340000000001 0.0036437400000000108 -0.028786699999999936 -0.013221440000000018 -0.012690940000000006 0.004552159999999997 0.002751919999999994 -0.008129779999999998 -0.002948579999999996 -0.0007566799999999995 0.014684640000000039 0.015168279999999998 0.02169457999999997 0.03968538000000004 0.005898080000000017 0.024990839999999917 -0.014205820000000039 0.04710955999999995 0.004787159999999996 0.01794162 -0.01313874 0.04241725999999998 0.04405632000000011 
0.014234700000000048 -0.02459685999999993 -0.03079259999999993 -0.04196296000000004 -0.010962460000000023 -0.008889520000000026 -0.03817582000000004 -0.02522655999999995 -0.029584360000000025 0.003737280000000016 -0.03059277999999992 -0.01675204000000001 -0.0030388599999999957 -0.041560099999999954 1.0408400000000027 -0.038167540000000014 0.02062102000000001 0.007682280000000017 -0.017679900000000047 0.014617940000000038 0.020892999999999953 -0.0003739800000000006 0.017362960000000045 -0.0017876199999999982 0.02233349999999999 0.030223719999999867 0.019029579999999973 0.03635159999999991 0.04184370000000009 0.03024303999999989 0.04495825999999996 0.031418919999999934 
0.03600
0.013124440000000008 -0.009333379999999992 -0.019209979999999998 -0.007913460000000013 0.0004150200000000002 -0.029116340000000008 -0.009323419999999966 -0.020297880000000008 -0.017744159999999943 -0.022006419999999978 0.0012432199999999997 -0.03013080000000002 -0.011994979999999995 -0.010926360000000033 0.014323740000000007 0.011106940000000022 -0.0013408399999999996 0.0020005600000000015 0.002892939999999998 0.017014200000000024 0.016785599999999977 0.023485740000000067 0.039621619999999955 0.005734600000000017 0.02504425999999999 -0.01407968000000002 0.0472716 0.0049817199999999985 0.017985119999999917 -0.013103539999999981 0.04260864000000005 0.044171939999999923 
0.01019558 -0.03899584000000004 -0.04142424000000004 -0.05004509999999991 -0.017677139999999963 -0.014374220000000005 -0.04278328000000007 -0.02874432000000006 -0.0323498000000001 0.0013270599999999995 -0.0331502 -0.01918835999999999 -0.0030386599999999995 -0.039941780000000024 1.0406899999999952 -0.032012760000000064 0.029475140000000084 0.01455348 -0.012192699999999976 0.018435099999999933 0.023528640000000035 0.0014082599999999984 0.018883679999999962 -1.2140000000000006e-05 0.022231360000000044 0.030154159999999944 0.018963939999999953 0.03625411999999993 0.04171046000000005 0.030154199999999954 0.04490638000000016 0.03133264000000006 
2.05200
-0.0025392999999999974 -0.020386200000000024 -0.027016700000000046 -0.01403889999999998 -0.004285700000000006 -0.03288314000000006 -0.012283459999999987 -0.022574060000000052 -0.02030971999999999 -0.022938620000000024 0.002860179999999998 -0.02873162000000009 -0.011852079999999989 -0.010050179999999985 0.01946852 0.016483139999999973 0.0033623000000000077 0.0055525600000000015 0.005356959999999981 0.018427660000000012 0.017489500000000012 0.023776040000000047 0.03974878000000013 0.005720840000000012 0.02517578000000006 -0.01394791999999998 0.04738857999999984 0.005137839999999982 0.01813687999999996 -0.012946459999999974 0.042740119999999965 0.04427994000000009 
0.00176334 -0.05289807999999997 -0.050662620000000054 -0.05674025999999998 -0.022884000000000015 -0.018491459999999998 -0.04608674000000009 -0.031175500000000068 -0.03468214000000013 -0.0011176799999999998 -0.03221500000000006 -0.017406659999999997 -0.002615499999999995 -0.039676180000000054 1.041020000000003 -0.030824280000000093 0.03497782000000002 0.019357699999999995 -0.008256019999999992 0.02124051999999999 0.02539080000000008 0.0024273599999999965 0.019177719999999968 0.0005908000000000005 0.022388140000000063 0.030302000000000044 0.019093899999999973 0.036387820000000036 0.04188302000000001 0.030304060000000004 0.045088919999999866 0.03149438000000015 
4.06800
-0.011733480000000022 -0.026193399999999988 -0.030810139999999948 -0.01685300000000002 -0.0064507799999999746 -0.03470182 -0.014200620000000042 -0.024956459999999948 -0.01841421999999999 -0.021944179999999973 0.0024656799999999957 -0.028784459999999974 -0.011677680000000013 -0.009688519999999971 0.02119553999999994 0.018900579999999993 0.0055538 0.007268379999999988 0.0066353399999999774 0.01925677999999998 0.01787887999999998 0.023924319999999933 0.03981558 0.005791680000000007 0.025261099999999977 -0.013857640000000037 0.047462859999999954 0.005194959999999981 0.01817125999999999 -0.012935080000000014 0.04280845999999995 0.04433951999999999 
-0.00438132000000001 -0.06051876000000002 -0.05534881999999995 -0.059939579999999874 -0.025407060000000002 -0.020510360000000026 -0.04797488000000011 -0.033363899999999905 -0.03606829999999995 0.0010227999999999997 -0.03273735999999996 -0.017690920000000037 -0.002631179999999992 -0.03947569999999998 1.0408400000000027 -0.031166599999999864 0.037077059999999856 0.021412579999999962 -0.00645275999999997 0.02256523999999999 0.026228260000000007 0.002935799999999998 0.019341499999999998 0.0006123400000000002 0.02230064 0.03020439999999986 0.019010159999999977 0.03632371999999989 0.041771100000000075 0.030193419999999874 0.04499677999999996 0.03140679999999996 
5.07600
-0.021019679999999954 -0.03172545999999994 -0.03426999999999997 -0.019593019999999996 -0.009241159999999995 -0.03855118000000001 -0.018630999999999977 -0.022168819999999995 -0.01934351999999994 -0.022499099999999977 0.0023009999999999984 -0.028704039999999972 -0.011486140000000016 -0.00961125999999998 0.022441560000000006 0.02091507999999995 0.007503920000000003 0.008823180000000003 0.0078051600000000375 0.019958920000000033 0.018281919999999972 0.02398427999999991 0.03997106000000004 0.0058031800000000215 0.02541442000000001 -0.013742700000000014 0.04760370000000003 0.005322019999999979 0.018346400000000002 -0.012763680000000032 0.04290581999999996 0.04446810000000007 
-0.01097638000000002 -0.06787747999999998 -0.05953725999999996 -0.06268512000000014 -0.027949739999999938 -0.02383903999999996 -0.052216200000000094 -0.03404037999999997 -0.034320279999999946 0.00019746000000000005 -0.0331312799999999 -0.017706780000000023 -0.002492379999999995 -0.039295999999999956 1.0408499999999907 -0.03189545999999991 0.038973019999999914 0.023355720000000017 -0.004687040000000003 0.023880799999999935 0.027128999999999875 0.00349984000000001 0.019578639999999977 0.0006073599999999991 0.02244977999999999 0.030338399999999887 0.019172259999999948 0.036456999999999934 0.04194966000000006 0.030359219999999874 0.04516311999999998 0.031549759999999975 
6.08400
-0.030443640000000036 -0.036500180000000035 -0.037749380000000075 -0.024291160000000016 -0.015649779999999978 -0.044201279999999996 -0.013574119999999985 -0.023978520000000052 -0.02007859999999999 -0.022876240000000006 0.002120960000000003 -0.028759540000000108 -0.011531579999999987 -0.009903039999999983 0.022871440000000007 0.022500420000000028 0.009132319999999989 0.010165439999999977 0.008788980000000026 0.02052256000000002 0.01852354 0.02386928000000005 0.0397808200000001 0.0056490600000000096 0.025182840000000015 -0.013924819999999971 0.04741423999999993 0.00515915999999998 0.018194939999999972 -0.012902439999999979 0.04279738 0.0443044600000001 
-0.01823328 -0.0743246399999999 -0.06280908000000009 -0.06689139999999996 -0.034241980000000116 -0.03092656000000007 -0.04812940000000001 -0.03287100000000005 -0.03521164000000005 -0.0001631599999999999 -0.03320286000000006 -0.017612319999999997 -0.002321419999999998 -0.03920814000000001 1.040990000000008 -0.03341686000000001 0.04036384000000008 0.02506146000000004 -0.0031066400000000034 0.025107280000000013 0.028015120000000074 0.004064460000000013 0.019806299999999985 0.0005651399999999996 0.02245952000000001 0.030353780000000004 0.019157259999999975 0.03648066000000002 0.04194994000000006 0.030386940000000025 0.045169859999999964 0.03160072000000015 
7.09200
-0.03740788000000006 -0.03900830000000004 -0.04300490000000001 -0.03210390000000007 -0.023423559999999993 -0.03561348 -0.01542913999999997 -0.024582859999999988 -0.020195859999999982 -0.02273532000000002 0.0023624999999999957 -0.02847560000000002 -0.01141694 -0.010043080000000005 0.02331534000000006 0.02395685999999994 0.010588820000000018 0.011430859999999977 0.009821619999999994 0.02126109999999994 0.018909579999999954 0.023980579999999925 0.03986058000000001 0.005764580000000023 0.02535720000000007 -0.013748100000000023 0.04755229999999998 0.005294819999999982 0.01830251999999995 -0.012806879999999975 0.04287632000000009 0.044458279999999975 
-0.024691740000000014 -0.07885431999999978 -0.06705408000000006 -0.07330371999999992 -0.04139722000000008 -0.031464480000000045 -0.048760420000000027 -0.03365570000000002 -0.03546000000000003 -0.00013628 -0.033001320000000035 -0.017355479999999958 -0.0021295999999999984 -0.03919790000000002 1.0406699999999904 -0.03513972000000007 0.041402000000000064 0.026491880000000093 -0.0016599400000000015 0.026260800000000042 0.028838580000000016 0.0046138799999999895 0.020054619999999954 0.0004731600000000005 0.022609640000000056 0.030488560000000022 0.019316400000000022 0.03659130000000005 0.04206491999999995 0.03047238000000006 0.04525512000000003 0.031677100000000104 
8.10000
-0.04192242000000004 -0.04027064000000001 -0.047024959999999935 -0.03669014000000001 -0.029031039999999946 -0.03956024 -0.015492820000000022 -0.024691499999999932 -0.020264699999999955 -0.02281171999999999 0.0022980399999999977 -0.02862135999999995 -0.01167940000000004 -0.010652940000000015 0.02337070000000001 0.025093619999999935 0.011942220000000014 0.012618780000000026 0.010776220000000024 0.021785659999999926 0.019249280000000004 0.023918159999999897 0.03997035999999999 0.005734900000000017 0.02532989999999998 -0.013823840000000039 0.04747589999999995 0.005224739999999982 0.01833337999999996 -0.01272516000000003 0.042893740000000034 0.044479140000000084 
-0.030062059999999946 -0.07834710000000011 -0.06950440000000001 -0.07683653999999984 -0.045976099999999964 -0.03661798000000001 -0.049354479999999964 -0.03346459999999997 -0.03526984000000002 0.00018685999999999977 -0.03267584000000002 -0.017060860000000004 -0.0019639999999999996 -0.03929909999999995 1.0407799999999954 -0.03690666000000002 0.04251123999999999 0.028031199999999933 -9.695999999999993e-05 0.02759167999999995 0.029900339999999904 0.005387759999999983 0.02044886000000001 0.0004998000000000012 0.02294700000000001 0.03084325999999994 0.019631059999999992 0.03694911999999997 0.04240104000000001 0.030857239999999963 0.04563397999999992 0.03204629999999997 
9.10800
-0.039682340000000066 -0.03751298000000002 -0.04521187999999999 -0.03546426 -0.027038399999999994 -0.046505500000000005 -0.017307720000000016 -0.02348467999999997 -0.01897000000000001 -0.02167647999999999 0.0032399999999999994 -0.027878279999999915 -0.011376060000000002 -0.010561700000000002 0.02463499999999995 0.026958499999999913 0.013725560000000052 0.014216660000000004 0.012353620000000004 0.023150319999999974 0.020318980000000007 0.024638879999999926 0.041247339999999987 0.006844760000000018 0.02647053999999999 -0.012714280000000036 0.04857930000000001 0.006397259999999977 0.019512320000000048 -0.011468120000000014 0.04416027999999999 0.04578566000000004 
-0.03140311999999999 -0.07205068000000005 -0.06804450000000001 -0.07614227999999994 -0.045919020000000005 -0.03798125999999999 -0.05532206 -0.03418067999999999 -0.03489591999999996 0.0006087999999999999 -0.03241362000000002 -0.017088220000000005 -0.0023326399999999987 -0.040002559999999986 1.040340000000004 -0.03765094000000011 0.04307998000000003 0.028860479999999945 0.0008520399999999973 0.028353759999999992 0.0304450199999999 0.005717300000000012 0.02050866000000002 0.00012376 0.023211659999999985 0.031093999999999903 0.019901779999999987 0.037224820000000054 0.04267487999999997 0.031156359999999935 0.04593184000000001 0.032293440000000055 
10.11600
-0.01591781999999999 -0.01710845999999998 -0.02578253999999997 -0.015843060000000013 -0.008590480000000015 -0.038688759999999954 -0.01885617999999997 -0.028453700000000044 -0.02384866000000003 -0.02602058000000002 -0.0006944 -0.03144028000000003 -0.014573099999999978 -0.013309739999999976 0.02445199999999998 0.02592182000000002 0.012776919999999999 0.013522419999999973 0.011817780000000007 0.022621759999999994 0.01957127999999999 0.023524240000000037 0.041198120000000095 0.006847000000000003 0.026376600000000076 -0.012846099999999984 0.04844999999999999 0.006208539999999989 0.01936612000000003 -0.011572600000000002 0.044055679999999924 0.04571215999999999 
-0.016935459999999958 -0.05058287999999998 -0.04826193999999993 -0.057262880000000065 -0.026421039999999976 -0.024096900000000015 -0.0530098 -0.03806588 -0.04011532000000001 -0.0039570399999999985 -0.03670636000000005 -0.020740119999999963 -0.005674439999999995 -0.043013280000000056 1.0406500000000138 -0.034508660000000024 0.042129420000000035 0.027791620000000055 -5.567999999999977e-05 0.02769826000000004 0.029847440000000072 0.004959599999999997 0.019484820000000003 -0.0014515199999999995 0.023000740000000033 0.030887020000000046 0.01968287999999999 0.03699572000000011 0.04244980000000003 0.03094158000000004 0.04572269999999992 0.03210634000000008 
11.12400
-0.017781679999999998 -0.018878699999999974 -0.027346019999999985 -0.017375559999999988 -0.009704419999999995 -0.039537800000000026 -0.019079299999999966 -0.028431560000000005 -0.023694919999999984 -0.025664080000000034 -0.0005447400000000004 -0.031614039999999996 -0.014775439999999997 -0.013491199999999993 0.02421121999999994 0.025639679999999956 0.012475140000000013 0.013195860000000007 0.011510980000000014 0.022325460000000002 0.019312519999999986 0.023245579999999946 0.041002660000000066 0.006638979999999985 0.026118579999999995 -0.01312380000000001 0.04822659999999993 0.006002360000000014 0.019131519999999968 -0.011777120000000006 0.04382931999999999 0.045442639999999965 
-0.017748339999999998 -0.05270478 -0.049890840000000006 -0.05870860000000002 -0.027884599999999992 -0.025100579999999994 -0.05345174 -0.037972500000000055 -0.03988380000000005 -0.0036469199999999966 -0.03629562 -0.020790579999999986 -0.005683359999999996 -0.04315850000000005 1.040709999999993 -0.034681960000000046 0.04201600000000008 0.02764324000000002 -0.00023945999999999993 0.027520500000000024 0.02971492000000002 0.004813079999999996 0.019366279999999982 -0.0015867799999999977 0.022897519999999998 0.030759320000000034 0.01957083999999998 0.03690444000000002 0.042363739999999976 0.030846160000000015 0.04561945999999994 0.03201938000000007 
11.08800
-0.008184319999999995 -0.010650379999999997 -0.019146399999999935 -0.00878706 -0.0016515199999999999 -0.032622940000000024 -0.014367220000000002 -0.027089859999999952 -0.02597375999999996 -0.029308639999999993 -0.004544880000000001 -0.03528961999999997 -0.01797687999999998 -0.016342839999999997 0.024080839999999923 0.025033479999999976 0.01187404000000001 0.012710860000000013 0.011012600000000011 0.021766579999999956 0.018522519999999966 0.022014179999999956 0.04086914000000007 0.006605479999999979 0.026020579999999967 -0.013276860000000003 0.04808291999999987 0.005810320000000015 0.01901707999999996 -0.011949219999999997 0.04370178000000002 0.045341039999999964 
-0.011182939999999988 -0.044098880000000014 -0.04152898000000004 -0.050409239999999925 -0.01921819999999996 -0.017404699999999964 -0.04753221999999997 -0.03494820000000004 -0.04047266 -0.006849040000000001 -0.040255740000000005 -0.02434943999999999 -0.0090502 -0.04605490000000002 1.0407400000000142 -0.033128040000000025 0.041569040000000015 0.02708849999999996 -0.0007509199999999996 0.02710465999999997 0.029260720000000018 0.004181979999999997 0.01848077999999996 -0.00307744 0.02279985999999999 0.03067831999999996 0.01950111999999999 0.03677456000000003 0.04228522000000002 0.03074237999999999 0.045527559999999884 0.03193196000000003 
12.13200
-0.005222839999999994 -0.008366380000000001 -0.016816539999999984 -0.006308600000000001 0.0006781999999999999 -0.030362279999999974 -0.012253360000000008 -0.025622519999999965 -0.024918679999999967 -0.02906776 -0.005330519999999996 -0.03658842 -0.019308619999999964 -0.01732166 0.023908799999999935 0.024497139999999945 0.011295520000000022 0.012177000000000037 0.010543819999999997 0.021355039999999926 0.01807701999999998 0.021492679999999945 0.040865840000000084 0.006611239999999978 0.025976399999999924 -0.013277120000000014 0.04805717999999993 0.005808720000000022 0.019001459999999953 -0.01194935999999999 0.043649860000000006 0.04528949999999999 
-0.008595920000000007 -0.042036839999999985 -0.03930282000000002 -0.04828038 -0.01714383999999997 -0.015260199999999991 -0.04534005999999999 -0.03325621999999996 -0.03926430000000004 -0.006148299999999996 -0.040555720000000045 -0.025411339999999977 -0.010431839999999996 -0.04722711999999997 1.0407500000000025 -0.032476180000000035 0.041185480000000094 0.02656555999999997 -0.001278199999999999 0.02665577999999998 0.02883135999999999 0.0037745600000000036 0.018026119999999996 -0.0036785399999999997 0.022784679999999956 0.030651560000000015 0.019467179999999997 0.03677416000000007 0.04229143999999989 0.030774699999999964 0.04550077999999997 0.03188902000000003 
12.09600
-0.00286742 -0.006265620000000006 -0.014784359999999996 -0.004209939999999998 0.0028481999999999973 -0.028286999999999993 -0.010044100000000018 -0.023395139999999932 -0.023385699999999968 -0.028870300000000005 -0.006090479999999998 -0.038240479999999986 -0.02117599999999999 -0.019012739999999986 0.02385493999999993 0.02443625999999998 0.011267040000000023 0.012141819999999998 0.01040832000000001 0.02107099999999993 0.017569399999999992 0.020685399999999972 0.04074894000000012 0.006649579999999975 0.02588849999999995 -0.013355460000000013 0.04799511999999992 0.005750640000000026 0.018898039999999953 -0.012054939999999998 0.043578180000000015 0.04522077999999998 
-0.007513179999999988 -0.03987168000000002 -0.037420159999999966 -0.04642578000000003 -0.015178060000000005 -0.01330426000000001 -0.04321184 -0.031007879999999995 -0.037290840000000006 -0.005309019999999997 -0.04078657999999998 -0.026678499999999983 -0.012143960000000004 -0.04908608000000001 1.0407400000000142 -0.032411580000000016 0.041120680000000034 0.02652679999999996 -0.0013128999999999981 0.026560740000000024 0.028617320000000005 0.003369000000000004 0.01733703999999998 -0.0047234199999999955 0.02270669999999995 0.03056743999999999 0.019353839999999983 0.03667534000000006 0.04215735999999992 0.030640319999999967 0.04541651999999996 0.03182130000000004 
13.14000
-0.00254774 -0.005851120000000001 -0.014334519999999998 -0.0037079799999999987 0.003380399999999998 -0.027663260000000005 -0.009396940000000005 -0.022554319999999968 -0.022297379999999967 -0.02813397999999997 -0.006158279999999991 -0.03885084000000001 -0.02211373999999998 -0.019802799999999978 0.023943179999999932 0.02474719999999996 0.011619240000000006 0.012409620000000014 0.010521820000000022 0.021006439999999918 0.017238600000000003 0.02006603999999999 0.04080218000000009 0.006596819999999987 0.02588489999999997 -0.013336300000000002 0.047992819999999985 0.005735560000000023 0.018878199999999935 -0.012082899999999988 0.043567140000000004 0.04516786000000004 
-0.007954279999999996 -0.039169060000000006 -0.036924240000000046 -0.04592632000000005 -0.014562219999999997 -0.012675160000000006 -0.04254726 -0.030328939999999995 -0.03629855999999998 -0.004297560000000002 -0.040464180000000016 -0.027050519999999984 -0.012981840000000012 -0.049959240000000016 1.0407400000000142 -0.032625900000000006 0.04133788000000004 0.026844359999999946 -0.0009803199999999974 0.02676613999999995 0.028684759999999976 0.0031973800000000044 0.01689167999999999 -0.005455320000000001 0.02268885999999999 0.030566939999999945 0.019376899999999985 0.03669270000000003 0.04215761999999992 0.030634119999999983 0.04543333999999995 0.03179060000000002 
14.14800
-0.001412319999999998 -0.004955099999999998 -0.013457080000000003 -0.00280704 0.004293899999999998 -0.026763099999999988 -0.008496260000000002 -0.021647399999999973 -0.02168935999999996 -0.02771018 -0.005726439999999996 -0.038512160000000045 -0.022014039999999988 -0.02018813999999995 0.023840359999999932 0.02450687999999992 0.011354860000000008 0.012195220000000015 0.010369240000000016 0.02085195999999995 0.017112140000000005 0.01989909999999998 0.040768420000000145 0.006623759999999981 0.02583341999999999 -0.013460760000000013 0.04793741999999994 0.005687120000000015 0.018864459999999937 -0.012094259999999985 0.043562300000000026 0.045155500000000036 
-0.006965499999999998 -0.038415439999999995 -0.036123160000000015 -0.045146020000000016 -0.013772260000000003 -0.011899060000000005 -0.04166297999999999 -0.029459079999999995 -0.03554006000000001 -0.0038255599999999943 -0.03997686000000001 -0.02667961999999998 -0.012792600000000025 -0.04998351999999998 1.0407500000000025 -0.03241102000000002 0.04116530000000003 0.026606579999999973 -0.001210319999999998 0.02659659999999997 0.028536960000000014 0.0030655999999999986 0.01678656000000001 -0.005596779999999996 0.022647799999999992 0.030500659999999968 0.019313979999999994 0.03664082000000001 0.042111459999999906 0.030588479999999984 0.04537329999999994 0.031773400000000056 
